0.000000 0.000000
6.263796 5.790209
16.504183 12.045964
24.081099 20.020319
41.495261 32.706964
50.777048 41.809076
57.490079 45.314233
64.352872 50.723552
75.10971 58.023582
86.551405 69.207839
94.782589 76.523081
101.366271 74.227111
109.831728 83.838324
131.510132 105.9979
147.695705 114.980673
176.869812 140.862549
182.696924 147.721467
182.696924 153.721467
184.557642 158.362343
189.076471 162.309518
162.309518 162.309518
197.877231 182.877386
200.325566 191.537966
207.2482 200.086483
209.011756 203.67673
214.23023 217.739714
223.023281 231.106922
223.699273 236.061015
225.166413 240.84092
230.963049 249.049022
249.049022 249.049022
243.297775 273.718474
228.064731 268.527873
211.620993 254.439087
200.325566 249.692029
192.365551 244.944971
172.733471 231.106922
156.389932 214.584216
151.82272 203.67673
143.812574 201.881606
138.159218 192.976421
110.819352 171.123921
104.2386 162.309518
92.809975 152.125433
83.719461 144.292008
82.11803 139.399763
66.427963 132.855926
59.58997 121.543927
59.58997 116.543927
58.342477 114.980673
57.290815 112.171046
54.462976 111.169382
54.462976 104.169382
43.699884 93.721615
41.013129 82.026259
37.113555 71.574606
24.906223 54.236195
20.05031 34.834646
6.263796 18.993811